$ANSIBLE_VAULT;1.1;AES256
36613034326630373864643931313364623233633963343661643032626463326437353231613261
3265376365333664616461336664353732616266323736640a363338376432663363653234313635
33373963623534643637333637323037613239333363373864626236383538393035643366336230
3736386139646261310a643664373732353335323139303837323331376439633030613933316664
31316634333563383462316336366466336638313534633037666437376336656362323232333966
33343934356666383831333465303261633331376566623833653065333662373861633562303566
66373562366466313139323035336132613764366264376631376634343364306464633831623034
39303962613166643436356466336635323036613631326438393933653063333964323236396137
61343763646337386638623831373032346663363265336238623363343135326565646532313433
30336535643032393636616538633235373666373166653437393134326433633866616432316538
34366161326531326237393538393833346430343866396335333034633336316633636235663338
30363035646165313162373333343930306436306535383230613136326334396430363438346133
30636261333966623139373665343663663337646462303833373037386265343064653931303361
31366639333763613933313462316539653134633961643936613437363934666435306235623963
35353036373035616435313832616366656662306639633363353766326338663430393938666639
63316330306563643032326336393962616162376330316561663535303238636532363331326638
36393264623338353538343036393031343166653666633533303838343332313337396230623336
36353463343334373035336164633961306130653831356562316332646235313232303631383132
61343863346434393431366561303565396562623137613430623866363038323835613462663331
33356164653061353238343339396262623561643164386436313338663333366537373634623964
31636263616239613837663933316534626538666466633165663135616461383466393032383262
34636535373335636663653532663934373362306161666236303666386237396233313765373932
35313038343836323764396235313165616434623432316237643133313963363536613438323037
36316433303863616331303763356262386431323239346139343430353062656364623534303762
39663663313539646265646137333035316364333130323265366163356664663837363937383535
66663830626134303539643534653666613730613661643363346266313231316335646462656536
61393630396466643831316534346565633532646138383435633235353738363631383865393639
66373539633933623663356331633362386465393962366430316261613532313131393461386635
37323431656563633266396437396366356630656330653836666131663430306566383566356231
65393766333061373165313437313233653931303033623036663965633438653831663663633666
66613563333833313064663761666235383034353433336539333962383965343965313036643366
35633039613538353738616136333963653839633837613630656236663732323734626131366461
33356430346263326464636634393937646563303934306237613433316663316234363361336138
35353131376232613436653930633136636134383161363835363163316663353530346437646461
66633937333735613837303563666131623434383463646562343439333838313837343238666565
37303032356432623965363233623662613734363834316130343161313332376164336334393466
31633965386165366262653839316135343337343266303964656661383564666632666431616530
65303232396231376362653835363161313839393733376434343333663437343930303535326132
32613438356362656637393639363238373030383034616666343638353865376332383533326564
63323264636263336163373864306133393735626438323739393061386539356539323937353266
30643662636638303564613562313762386564346438383261333635376666316435373130303062
32313434643864366132633239633630656436333232656633623436363564316232306662306633
35316630646131636130306331343161653365353434363033386632316463653865316634666261
39366532633832626266313035393233646533316631356330323761316239373163303363346532
34613532363562383033356635383863653363653433396363646632343136616264386232313364
31396463643362386333373435653434623735656135386130316132383034623964666531353339
37613231313339393839303135366633653730663439386133303431653036363031363831346465
39306439666362623733376533363266363364323633323762623364313836383961623332646333
31326466626138663235303934623630653865633464653935643338616366333464306130313831
63373935373737386136633565376331363534343733303433316632383636333330313331333139
37663132376133353161316233663164333634343439386638343037386135656130323030356539
30626430316364376663306631643039636638333666623361303263356537376239323663323135
64636362623031336435646136333437303838313131363336616335303464613366346532333866
39623535636132613930386536646133343630666361313637386661633837626262656537616564
64366666616461323432383339646165373866613939303834313662386539613362663232626164
66393831626239383939303136626665336164306633333130303763303134333637613562353230
61656566393736383439316237616533336130393861303934653266636134333061646331306638
39666461633535663435336134393831663239393532333030316462363661306130363961633166
66383332623330313435616233623763396430636532336136623161396335323633393931383436
35653432336331326265353462343137616265653437663033376334656536623837353862663762
39363639313135356634613764336430303738323666646136313462663463646631376130393038
30333130646530343835373939336365333436653535383061303264366539356566333661333865
30393465396339303230383636363431316235353465303831616665383361656563333334646439
39626130373033313632366161663936303734613236626532386332613766316335313236363235
32326139316363393061376263353332323439633534633331306366346431633462383361303266
38666565333164316630663631343564366435353665633062656637343931383361336539373462
35326466343039313236336439306337363161353137336561313030316664656665326432623161
30633761643137383237613939383638613661336162636465363662633536653932383433653335
30316264666531303032343463663765613462333039343432666439656362356430616538346164
39396134396236326333626165353962616161656339336562353734356434303664343262656631
36373136313838383033343464363038306564396365666438343335383836613763633161393964
30313265323635346539363731303262613334353962313633313436373639613162633762376166
31326433303933383764343465636230613831643463633731626438303664663630633262363062
37633266643963383062333832393763656365636562313062336363666665373165663433376631
35303266396130623437376266383439633838656266346632303862316431653734336662663835
31373135306233353838633630363930336435356439633333323564353831613234356266373239
37613439373364393565323732656436616238313465636139643035363336393135653262626365
65353833376262623934626539666665386330306338666665356137623763393864396663313530
63643535613534303465373563666535306536363362366638616336373330386637666531313762
66616364626662623334363531653231633736346333383636383535613632356631323134343262
62306165663135363366646533353261646337356130326636363464656331366536646631343561
38363734373330353466623363396434366264646432343233396163636339613162343832313638
63336566636138636638633461386565326331633364376130376130393862323938613434666333
30333936313165616164383234643039343338643565386663646331396136623533636566346439
31613439356132383661393630393938343439356562333465613938646134356233643661373938
66373531363831346231623066323238353337346231343964353163653362643866636461303864
38356565356339636439663066343733656462333930613162613638336333626662656237656261
35373863356139616430383062353065653966393664323539343964343830646533646435363331
34316234633737303661326630356332393331356636313334396666663839313738386636303734
64323534623732343732623162393763396463656336386164326566613764376565636464316665
65303836323638623766633438663061303032663362346331303330393038626533613235373738
30353230656137633561616635306337626565336266633334646230626366373935323235326335
62313338653465636363303364663562623964383666356238636161636234336239313637636366
37643664636330636232393032643865313732643532333539656662373434373137363339303031
30393834343238343832653231383339653437386335386464653434396366366639653830616433
66316438643764303661663738393863653437333965346434316531313363633331336563346161
36336131613763353334633063326165353637353936326636613261383732616464636130306335
34663533613365636361366130306462346338356231383333626534376135333039653062646532
38626232376335646465623739333935613865643931343961396637383036363862356462346638
62313264383737636235343062643039666362353664313363363039386665383061623136626337
32663262303161386437316536373835313835653232656635316664333662333336383839646237
62353138386330373031323332303232313236623561353230633264383865343639373839343739
39303461663536633230336535356364366330336330353131633736363364613333633931653737
66656639323063366236313039333334313331393834356333373237396139306231646536633865
61653636626566653638333666363137366464633638346464326438346632343232663634623664
37323731373537393231323932353361613461363764353231646333313235663161663162306631
64323232633863613762623833343830653230326365616331373165353364393136663164396665
38666463396261613737383931616565366234373539656565653963303131656632343330626636
62613236646231663738363336343636643333653937373261666635366233666132666434316639
61626662653532303165303132396537373139346230366432343834393235346365646630333634
31303166643564313238623565646432393230386538366439623538396635626631336235636334
36313531346164343233346265643133653161623333336330313737376362623835313062613836
61643133363730363365646464643131653136336138623163313439643531303763623266363235
37383639303065613538346632346433633130366666373530626632336536303366373638623261
64626164393063343438303030383530326566313732376135373136663537313564356331633335
39623662653338633838386437366632636439343932643765633937383938333239646636666162
31613933616138303636626431343833393663626566633663313865393430663962386533356438
36636563326133333034303365346466663861373166346435646531383664663437646265366131
37663866343535373231653165323437346331356432313030613934353331313934626231633838
32386662633237646638356230383331346564336565616362643338386634313435623334636635
34393362343934396238383737613334616130663764396236373834633332373163373433373330
31643437643634613932633261623935353366316235356234633530363735346137643164333462
62626634303734616137343761633236383762363466333236306632303230306662313866393330
32363165383538366139646336356439643236626539313861656432613837383766633061303534
33633062316336613936333961326663346539626338663562326638323161616466353164663430
32666333346664383361663331383038363262623063303939323732613766373161386462333562
63323939366636306362623834313165323238306231366333306663396332376534393966653430
38306533373339393738393534383661666363316632623334393434653638326536366461303434
38303831613438346566633764646436303134363634356233316337663130343438633862326134
38656536303131346466383837666665653533303931633039633231386235613139623663333531
63396638616637316130313333356539613831343365343139363232316231303434613163353932
35636639303731376164393263616562313133346534393863623534313439346166653466666461
39393135653462316639343738323939316566626633396665643432386336643438363332333461
63666464313238383337343134616634363962346236633762616637363965346564376334333464
34323664326336343435653033396437343666313463623930613130313863336133393164386561
64346563643565666236383836663338383066643136643830343964613932613065383037616238
33326137383966653730656633643330613533333932663462643439383638303833363936373236
37333130366236373631636333616631633738663633313136663263356432623461326338303937
33653035623430643764383034613034656132393631613032343138323037306534393235343231
31643465393438363962663434343265663665333264366431313562353934363363393831333866
39363666313964373730343134623461326463613730616166656434643064363664346430356265
64383364393130623537313830323061383832386565613832363236373561316334333265623939
32373330643238613838636133346333653265613861386437396666633837653133386262643836
39343036613736326666316633316434643565653332343662316564343439313461653331333537
33656437363137386664343632396265643163613337643339396130303862333666623966326537
65626162376434336331396633326138323863356335366261356632663734666535383465363364
63353566326437633037313435383931353639333630666164356566633637393934613933313563
63373662663932373236393636323865393232383265363237386132303835373162666631323636
38636339323239626565306161623762386536376165346630316639376632313137333333306661
38396533643063623239646635393837623863656564373037303539303537626439666633326236
36616436343335366531343664303831343762656338303165393531323432646531613363356165
38393663646261393232306330316336643233373032306536643838326562663635653862623764
61633639353066303639646534356533346466633733663534383866636135316166616666313437
66313564653661663366613765373263626333666661643861346236376331316562353038393332
66316165656237373333316138393663666531663362343235663731633534613538323135393164
36643934393465356632393964656262383938386362623732316134376661366163653035313030
32646363383031613331336135653536666434666239623033363965386136383666313461613566
63323136643531333563636133386439303230373037663333323763306131356165643361386339
34366433323666333163653036636337373162346532386437643737373132396137653264353131
31666664353261373061313435376363643333373663323938373366396235313437643036393065
37663065346232323232653065616664316230343438323764376339376238336233373138326666
65356133333735336135623965613334666165643634633761653162363630663638646461343435
33636461393632666631373932333934653362386461656136326363333734313037633235336230
35363266383264343238646666613532356330666535303230346363326666336463643233633839
65616666613363643339653263643930393234333262666666646433376231323739626235326338
64303334653030346534396130323637363637323565323832613838616366393563376139353161
62663738643636353132373739663734353339393762373863653066363435396330366562313032
62663566393961633537626466626661623763366631623436313630633334613733393731653737
30336564356463343162386632393433623635376638613261386235343337336362343466626161
39343436386266343031646162363838386663656564343837303532633963636264373535613837
65636438336638366364346538346531366631353431303162383533633434326233396532383261
35636331373163633636653133306239626239626131663632316633623832393539363561373534
36393266623730643864306536313036643233653862373733343261383331313265393564616566
33303234613261383537636634346566343161343865336237326633633533666431633534393962
66396364313136303261643031353366383838383134656463336336393861643839366535613338
30613965366634633364
